%YAML:1.0
intrinsic_matrix: !!opencv-matrix
   rows: 3
   cols: 3
   dt: d
   data: [ 6.7540270133816477e+02, 0., 3.2132398313090374e+02, 0.,
       6.7790223036260898e+02, 2.3901221544106386e+02, 0., 0., 1. ]
dist_coeffs: !!opencv-matrix
   rows: 1
   cols: 5
   dt: d
   data: [ 5.2508771065576200e-02, -2.7837844423693431e-01,
       7.5513636189314046e-04, 1.4673644454877486e-03,
       1.2421441961643565e+00 ]
